transformation:
    qx: 0.06269215523221539
    qy: 0.9243211691518682
    qz: -0.3674045121380335
    qw: 0.08193896747382488
    x: 0.29309614200186607
    y: 0.4951688896170089
    z: 0.42916608455147287
rpy:
    roll: -2.390589657937825
    pitch: 0.19885049243991185
    yaw: 3.084756791775996
